

    ########################################
    #           AutoFree v. 1.0            #
    #     Free energy calculations with    #
    #         DMACRYS output files         #
    #                                      #
    #            by Jonas Nyman            #
    #                                      #
    ########################################

No input zip file given, looking for files...
Found 7 dmaout files
      7 of these contain phonons

Found 8 dmain files
Will use prop.dmain
     for unit cell data

Volume of primitive unit cell: 625.911 cubic Angstrom

There are 2 molecules in the primitive cell
Total number of vibrational degrees of freedom is 12

 Dmaout file 1 contains a [1, 1, 1] supercell
     Extracting all 12 phonons
 Dmaout file 2 contains a [1, 3, 1] supercell
     Extracting 24 optic phonons
 Dmaout file 3 contains a [5, 1, 1] supercell
     Extracting 48 optic phonons
 Dmaout file 4 contains a [1, 1, 3] supercell
     Extracting 24 optic phonons
 Dmaout file 5 contains a [1, 5, 1] supercell
     Extracting 48 optic phonons
 Dmaout file 6 contains a [1, 1, 5] supercell
     Extracting 48 optic phonons
 Dmaout file 7 contains a [3, 1, 1] supercell
     Extracting 24 optic phonons

  Total number of sampled unique k-points:  19
  Total number of phonons is:   228

Calculating thermodynamic expressions at 298.0 K...
For 2 formula units per primitive cell

Neat zero point energy = 2.7239 kJ/mol
Neat vibrational energy = -16.2758 kJ/mol
Neat entropy = 104.5156 J/molK
Neat heat capacity = 48.567 J/molK


Calculating Debye contributions...
Elastic stiffness tensor in GPa (Voigt notation):
  27.25162   5.27496   15.47900   6.10691   2.03418   2.40801
  5.27496   14.86527   8.77833   -1.76391   1.66113   -0.74042
  15.47900   8.77833   19.77121   4.94103   2.96776   2.42826
  6.10691   -1.76391   4.94103   6.23222   2.91283   2.82415
  2.03418   1.66113   2.96776   2.91283   14.44745   4.76611
  2.40801   -0.74042   2.42826   2.82415   4.76611   4.76928

Elastic compliance tensor in GPa (Voigt notation):
  0.07151   -0.00329   -0.04619   -0.03901   0.00651   0.00350
  -0.00329   0.13592   -0.08417   0.10814   -0.03013   0.03169
  -0.04619   -0.08417   0.14788   -0.09090   0.01168   -0.02289
  -0.03901   0.10814   -0.09090   0.36115   -0.02661   -0.10450
  0.00651   -0.03013   0.01168   -0.02661   0.11057   -0.10866
  0.00350   0.03169   -0.02289   -0.10450   -0.10866   0.39495

The density is 1.4931 kg/L

Mean velocity of sound: 1262.772 m/s
Debye frequency at Brillouin zone boundary: 58.4797 cm-1
Debye frequency at zone boundary (sinusoidal): 37.2293 cm-1
Debye frequency at Debye sphere: 11.6959 cm-1

Debye contribution to zero point energy: 0.0041 kJ/mol
